ISS (ZARYA)             
1 25544U 98067A   14295.21077742  .00020949  00000-0  36465-3 0  2782
2 25544  51.6463 189.9374 0002352 285.8109 159.7410 15.50723425911038
TIANGONG 1              
1 37820U 11053A   14295.17500006  .00062015  00000-0  48609-3 0  5046
2 37820  42.7699 266.6616 0006954 150.5695 330.4439 15.70661032175984
FLOCK 1-12              
1 39528U 98067DT  14295.06475306  .01372333  12875-2  13363-2 0  7149
2 39528  51.6172 157.3674 0008891 238.4223 121.5924 16.11067270 39168
FLOCK 1-18              
1 39556U 98067DZ  14295.04659428  .00955717  50155-3  12520-2 0  6652
2 39556  51.6284 159.5821 0009212 229.4144 130.6068 16.06279625 37230
FLOCK 1-20              
1 39560U 98067ED  14282.09595074  .56843408  12272-4  48292-2 0  6023
2 39560  51.6284 222.3867 0010125 234.1225 125.8861 16.38490213 35184
SKYCUBE                 
1 39567U 98067EL  14294.87407601  .00465777  95653-4  13298-2 0  6960
2 39567  51.6278 163.7101 0005891 197.3427 162.7380 15.92656012 36896
CHASQUI-1               
1 40117U 98067ET  14295.00837310  .00108270  00000-0  13510-2 0  2146
2 40117  51.6442 189.3024 0003952 188.1384 271.0976 15.59025338  9996
FLOCK 1B-24             
1 40122U 98067EU  14295.02888541  .00067817  00000-0  91686-3 0  1901
2 40122  51.6426 189.4283 0001426 223.4075 244.2703 15.57102851 45574
FLOCK 1B-23             
1 40123U 98067EV  14295.10239796  .00067030  00000-0  91496-3 0  1987
2 40123  51.6444 189.0930 0002127 204.2762 298.8964 15.56848887 45589
FLOCK 1B-26             
1 40124U 98067EW  14295.06747961  .00179137  00000-0  21170-2 0  1984
2 40124  51.6445 188.9537 0005618 188.2171 268.2681 15.60166549 63619
FLOCK 1B-25             
1 40125U 98067EX  14295.14935119  .00080689  00000-0  10652-2 0  1940
2 40125  51.6457 188.7029 0004517 144.2923 336.3458 15.57659536 45620
FLOCK 1B-15             
1 40126U 98067EY  14295.15160103  .00086428  00000-0  11230-2 0  2070
2 40126  51.6427 188.6457 0003352 209.6099 305.5262 15.58056515 45640
FLOCK 1B-16             
1 40127U 98067EZ  14295.28397116  .00192438  00000-0  24438-2 0  1871
2 40127  51.6436 188.1716 0003436 218.9825 230.6832 15.58228064 45660
FLOCK 1B-1              
1 40131U 98067FA  14295.09252648  .00109969  00000-0  14462-2 0  1182
2 40131  51.6430 189.0241 0002756 246.8433 256.7877 15.57624704  9535
FLOCK 1B-2              
1 40132U 98067FB  14295.14675113  .00068921  00000-0  90898-3 0  1220
2 40132  51.6439 188.6191 0002548 225.6395 287.8875 15.57758127  9513
FLOCK 1B-8              
1 40133U 98067FC  14295.09589369  .00068518  00000-0  89715-3 0  1242
2 40133  51.6433 189.0542 0005882 224.5889 276.8112 15.57938979 45802
FLOCK 1B-7              
1 40134U 98067FD  14295.15960199  .00076455  00000-0  10235-2 0  1175
2 40134  51.6449 188.7734 0004196 235.4845 247.4913 15.57310716 45816
FLOCK 1B-18             
1 40139U 98067FE  14295.12627733  .00109625  00000-0  14651-2 0  1320
2 40139  51.6425 189.2433 0004638 211.2706 295.4212 15.57188746  7275
FLOCK 1B-17             
1 40140U 98067FF  14295.20165980  .00069094  00000-0  96971-3 0  1468
2 40140  51.6452 189.0200 0005252 225.1348 271.5274 15.56075145  7287
DRAGON CRS-4            
1 40210U 14056A   14266.34591367  .00040039  00000-0  67387-3 0   171
2 40210  51.6484 333.0521 0001073 128.5453 359.0258 15.51315638   339
SOYUZ-TMA 14M           
1 40246U 14057A   14268.84278341 -.00003690  11668-4  00000+0 0    19
2 40246  52.0554 320.6198 0119978 105.0721 255.6490 16.09308761    01
IRIDIUM 33              
1 24946U 97051C   14294.46016513  .00000363  00000-0  12495-3 0  1283
2 24946  86.3869 332.5277 0009438 151.0299 341.7463 14.33206439895125
IRIDIUM 33 DEB          
1 33772U 97051K   14295.11790741  .00026390  00000-0  68445-2 0  8061
2 33772  86.4267 347.9533 0045500 200.1481 244.1151 14.49003754297116
IRIDIUM 33 DEB          
1 33773U 97051L   14294.72366493  .00001398  00000-0  46523-3 0  6682
2 33773  86.4020 332.2308 0010865 201.3933 158.6812 14.36999692298218
IRIDIUM 33 DEB          
1 33775U 97051N   14294.12492413  .00002321  00000-0  83343-3 0  6228
2 33775  86.3676 329.3584 0017493 156.6738 255.7731 14.33399803297367
IRIDIUM 33 DEB          
1 33776U 97051P   14294.16843378  .00001325  00000-0  47844-3 0  6491
2 33776  86.4064 338.7429 0016454 158.9269 258.0153 14.32828895297330
IRIDIUM 33 DEB          
1 33777U 97051Q   14294.64979009  .00002190  00000-0  70559-3 0  6621
2 33777  86.3849 327.8997 0007350  57.5867 302.6041 14.38865724298277
IRIDIUM 33 DEB          
1 33849U 97051S   14294.50962420  .00020265  00000-0  74076-2 0  7413
2 33849  86.1134 292.6382 0090458 357.7003 122.0840 14.30579494294036
IRIDIUM 33 DEB          
1 33850U 97051T   14294.67721568  .00001433  00000-0  50461-3 0  6428
2 33850  86.3440 322.6493 0013127 162.2618 336.8824 14.34150014297224
IRIDIUM 33 DEB          
1 33853U 97051W   14295.10728000  .00003423  00000-0  22909-2 0  7931
2 33853  86.0037 310.2809 0235509 325.2557  95.0140 13.88143995287573
IRIDIUM 33 DEB          
1 33854U 97051X   14294.78375024  .00016260  00000-0  38368-2 0  6870
2 33854  86.2299 278.6021 0020369 172.6289 272.4198 14.54008369299645
IRIDIUM 33 DEB          
1 33855U 97051Y   14294.99122924  .00048275  00000-0  18806-1 0  3055
2 33855  86.3812  17.1672 0156372 152.0843 268.9651 14.22965034290144
IRIDIUM 33 DEB          
1 33856U 97051Z   14295.03933155  .00065789  00000-0  82915-2 0  8415
2 33856  86.3288 291.5648 0013171 150.6754 266.5706 14.81589127301178
IRIDIUM 33 DEB          
1 33858U 97051AB  14294.71113253  .00038735  00000-0  74420-2 0  7557
2 33858  86.1422 258.3668 0052835 125.8458 288.9412 14.62569287299572
IRIDIUM 33 DEB          
1 33859U 97051AC  14294.50393419  .00004148  00000-0  14521-2 0  6702
2 33859  86.3480 329.1308 0043143 204.1522 274.4796 14.34417379296331
IRIDIUM 33 DEB          
1 33860U 97051AD  14295.07494678  .00004565  00000-0  14086-2 0  6390
2 33860  86.3949 327.6899 0015099 194.5546 250.3722 14.41147924298583
IRIDIUM 33 DEB          
1 33862U 97051AF  14294.15230191  .00006686  00000-0  20007-2 0  6675
2 33862  86.4169 332.1002 0051149 352.3299  63.7438 14.42007175298733
IRIDIUM 33 DEB          
1 33864U 97051AH  14295.03232816  .00010540  00000-0  31514-2 0  6333
2 33864  86.2764 301.4313 0015768  79.1029 333.1230 14.42765160298368
IRIDIUM 33 DEB          
1 33865U 97051AJ  14295.11078434  .00015102  00000-0  39014-2 0  6733
2 33865  86.3540 319.5224 0050826 177.3567 240.6941 14.49085411298446
IRIDIUM 33 DEB          
1 33866U 97051AK  14294.12769182  .00002966  00000-0  15278-2 0  5886
2 33866  86.3063 346.1096 0126989  65.6302 351.9679 14.10783829292387
IRIDIUM 33 DEB          
1 33867U 97051AL  14294.47423876  .00007636  00000-0  19638-2 0  6909
2 33867  86.4170 325.1123 0032335 228.6452 231.6728 14.49755567299919
IRIDIUM 33 DEB          
1 33868U 97051AM  14294.72178802  .00046926  00000-0  77632-2 0  7852
2 33868  86.3347 299.7123 0000992 322.6596  87.7578 14.70083622300779
IRIDIUM 33 DEB          
1 33869U 97051AN  14295.15722094  .00016376  00000-0  61351-2 0  6451
2 33869  86.3712 349.8591 0091146 300.6670 110.0182 14.29335080294654
IRIDIUM 33 DEB          
1 33870U 97051AP  14294.63755447  .00002454  00000-0  88981-3 0  6308
2 33870  86.3808 334.4296 0024572 184.1447 300.3792 14.32844291297073
IRIDIUM 33 DEB          
1 33872U 97051AR  14294.47302282  .00031733  00000-0  53826-2 0  7927
2 33872  86.3240 297.2388 0018439 152.2626 331.6863 14.68961298300733
IRIDIUM 33 DEB          
1 33873U 97051AS  14294.60714347  .00009929  00000-0  26767-2 0  6927
2 33873  86.3702 320.1510 0021556 197.1746 287.3134 14.47700697298965
IRIDIUM 33 DEB          
1 33874U 97051AT  14295.10021743  .00006453  00000-0  26692-2 0  6404
2 33874  86.2924 331.6683 0088030 330.2173 113.4416 14.24456565294441
IRIDIUM 33 DEB          
1 33875U 97051AU  14294.50600245  .00008137  00000-0  17083-2 0  7426
2 33875  86.4116 315.5450 0040931 155.9066 321.3397 14.59004540301088
IRIDIUM 33 DEB          
1 33876U 97051AV  14295.09669123  .00023033  00000-0  52996-2 0  7482
2 33876  86.2075 281.4881 0038365 161.8043 289.1460 14.54829059298867
IRIDIUM 33 DEB          
1 33878U 97051AX  14294.64316972  .00015737  00000-0  59408-2 0  6481
2 33878  86.3229 343.3808 0115552 346.0325 133.5916 14.27602027293926
IRIDIUM 33 DEB          
1 33879U 97051AY  14295.06637289  .00020163  00000-0  45930-2 0  7414
2 33879  86.3635 314.6723 0014399 213.2520 198.8286 14.55702479299422
IRIDIUM 33 DEB          
1 33881U 97051BA  14294.97286738  .00007571  00000-0  34055-2 0  5989
2 33881  86.3850 358.4972 0098094   2.7487  52.0290 14.19678777293785
IRIDIUM 33 DEB          
1 33882U 97051BB  14294.04256757  .00045946  00000-0  65592-2 0  8561
2 33882  86.2995 285.1467 0052171 167.6869 256.0093 14.75549204301614
IRIDIUM 33 DEB          
1 33883U 97051BC  14294.70997862  .00079286  00000-0  12466-1 0  7883
2 33883  86.1739 260.2667 0051512 128.3673 286.3984 14.71230675300429
IRIDIUM 33 DEB          
1 33884U 97051BD  14294.15093499  .00005542  00000-0  16846-2 0  6550
2 33884  86.3820 324.9353 0008404  16.8067  47.2177 14.41962109298484
IRIDIUM 33 DEB          
1 33886U 97051BF  14294.12853019  .00000774  00000-0  27741-3 0  6437
2 33886  86.3837 333.0627 0014947 184.2643 227.9823 14.32652493297293
IRIDIUM 33 DEB          
1 33887U 97051BG  14295.08665682  .00000652  00000-0  22457-3 0  5883
2 33887  86.3021 310.5428 0006740 187.1035 231.6386 14.34446530297838
IRIDIUM 33 DEB          
1 33888U 97051BH  14294.43996922  .00007578  00000-0  27352-2 0  6632
2 33888  86.3277 329.4896 0061653 245.2624 180.8579 14.32430867295767
IRIDIUM 33 DEB          
1 33950U 97051BK  14294.27822946  .00010773  00000-0  29466-2 0  6907
2 33950  86.3883 329.2005 0022417 124.0676   3.0489 14.46993169298040
IRIDIUM 33 DEB          
1 33951U 97051BL  14294.70714772  .00035245  00000-0  74148-2 0  7665
2 33951  86.4406 343.5740 0011351 124.7067 330.4425 14.59317592298281
IRIDIUM 33 DEB          
1 33952U 97051BM  14295.09071975  .00009864  00000-0  27462-2 0  5292
2 33952  86.3550 318.6455 0017171 168.5949 245.7079 14.46203392298650
IRIDIUM 33 DEB          
1 33953U 97051BN  14294.41441087  .00003374  00000-0  11665-2 0  6214
2 33953  86.3943 335.6726 0025357 189.6943 268.0691 14.35334360297385
IRIDIUM 33 DEB          
1 33954U 97051BP  14295.12301744  .00015164  00000-0  44848-2 0  6892
2 33954  86.3878 334.8677 0028560 137.7382 285.6080 14.43120622297402
IRIDIUM 33 DEB          
1 33955U 97051BQ  14294.47325146  .00018255  00000-0  52959-2 0  7811
2 33955  86.3727 338.8074 0049322 196.0259 263.4559 14.43570532296460
IRIDIUM 33 DEB          
1 33956U 97051BR  14294.64210285  .00016824  00000-0  44174-2 0  7919
2 33956  86.4281 344.4007 0018365 113.2574  10.6612 14.48989712297406
IRIDIUM 33 DEB          
1 33959U 97051BU  14295.11823478  .00007789  00000-0  31505-2 0  6169
2 33959  86.3661 347.0916 0089024 307.8805 110.1972 14.25573592294374
IRIDIUM 33 DEB          
1 33960U 97051BV  14295.02321965  .00005099  00000-0  15515-2 0  6496
2 33960  86.2736 299.0286 0009069  23.6326  28.7501 14.41901853298487
IRIDIUM 33 DEB          
1 33961U 97051BW  14294.78304753  .00018085  00000-0  47686-2 0  7365
2 33961  86.2764 302.5865 0037833 184.6373 229.5282 14.48451203298193
IRIDIUM 33 DEB          
1 33962U 97051BX  14294.56475439  .00009833  00000-0  26318-2 0  6866
2 33962  86.3571 320.2224 0011196 121.3075   0.4757 14.48145425298377
IRIDIUM 33 DEB          
1 33964U 97051BZ  14294.26100323  .00031726  00000-0  59250-2 0  7196
2 33964  86.3367 306.4429 0018340 287.0640 199.3967 14.64679331299841
IRIDIUM 33 DEB          
1 33965U 97051CA  14294.14321113  .00008908  00000-0  26295-2 0  6925
2 33965  86.3733 324.9400 0012598 136.7143 284.7484 14.43410619298155
IRIDIUM 33 DEB          
1 33966U 97051CB  14294.47218916  .00001741  00000-0  56083-3 0  6194
2 33966  86.3949 329.1663 0006818 346.7892 112.8284 14.38744654298146
IRIDIUM 33 DEB          
1 33967U 97051CC  14294.47122851  .00015523  00000-0  40919-2 0  7078
2 33967  86.3940 327.6410 0037347 158.5268 310.3015 14.48485756298499
IRIDIUM 33 DEB          
1 34071U 97051CE  14294.61161821  .00002329  00000-0  77470-3 0  6602
2 34071  86.3480 320.3055 0008437 183.2411 176.8733 14.37291120297830
IRIDIUM 33 DEB          
1 34073U 97051CG  14294.13404350  .00060184  00000-0  97877-2 0  8447
2 34073  86.3864 323.0326 0014507  60.5426   0.8381 14.70686034298775
IRIDIUM 33 DEB          
1 34075U 97051CJ  14294.46834944  .00031853  00000-0  66743-2 0  7900
2 34075  86.4532 350.1348 0044257 162.0997 297.3730 14.58943444297789
IRIDIUM 33 DEB          
1 34076U 97051CK  14294.77302959  .00010768  00000-0  20600-2 0  7804
2 34076  86.3364 297.8349 0054928 146.4149 267.6613 14.62791089300293
IRIDIUM 33 DEB          
1 34077U 97051CL  14294.69508580  .00004812  00000-0  16687-2 0  6479
2 34077  86.3978 337.5141 0021956 156.6691 342.9989 14.35310319296455
IRIDIUM 33 DEB          
1 34079U 97051CN  14295.14144721  .00005942  00000-0  17423-2 0  6525
2 34079  86.3918 325.6238 0007437 315.7019 103.6133 14.43731560298938
IRIDIUM 33 DEB          
1 34081U 97051CQ  14294.48699241  .00025566  00000-0  45086-2 0  7752
2 34081  86.3114 294.6983 0050575 231.9045 254.7355 14.66537840300725
IRIDIUM 33 DEB          
1 34082U 97051CR  14294.68725046  .00037084  00000-0  13214-1 0  8091
2 34082  86.3830  13.7884 0189655 124.8030 353.3018 14.24486799291931
IRIDIUM 33 DEB          
1 34086U 97051CV  14294.12934137  .00007870  00000-0  27315-2 0  4192
2 34086  86.3913 340.7029 0035433 184.3685 240.1868 14.35105297296464
IRIDIUM 33 DEB          
1 34088U 97051CX  14294.67008044  .00006120  00000-0  19469-2 0  6845
2 34088  86.4052 334.4584 0012565 160.4639 346.1434 14.39718119297837
IRIDIUM 33 DEB          
1 34090U 97051CZ  14294.44681438  .00016414  00000-0  32619-2 0  7511
2 34090  86.4233 322.4505 0025643 216.1788 143.7690 14.61843189300422
IRIDIUM 33 DEB          
1 34091U 97051DA  14294.18159303  .00008219  00000-0  33897-2 0  6178
2 34091  86.3725 348.5246 0080574 319.0100  57.8406 14.24966704294569
IRIDIUM 33 DEB          
1 34093U 97051DC  14294.46048185  .00024403  00000-0  40716-2 0  6874
2 34093  86.3029 284.8145 0036856 115.4045  10.3217 14.69381070301589
IRIDIUM 33 DEB          
1 34095U 97051DE  14294.63627490  .00021002  00000-0  63192-2 0  7301
2 34095  86.3857 337.4304 0064529 200.0631 276.8960 14.41286270296800
IRIDIUM 33 DEB          
1 34097U 97051DG  14294.10754272  .00004430  00000-0  21081-2 0  5354
2 34097  86.2045 317.3629 0104149  27.2257  32.9025 14.16365642293446
IRIDIUM 33 DEB          
1 34098U 97051DH  14294.69189938  .00025175  00000-0  55679-2 0  7665
2 34098  86.1421 259.5619 0025942 153.3152 327.2006 14.56901001299600
IRIDIUM 33 DEB          
1 34099U 97051DJ  14294.33152389  .00011203  00000-0  31222-2 0  6762
2 34099  86.3722 326.4175 0020731 125.6368   3.0813 14.46117404297877
IRIDIUM 33 DEB          
1 34100U 97051DK  14294.50149514  .00047324  00000-0  87713-2 0  7816
2 34100  86.2000 287.8482 0034330 152.0207 327.9186 14.64652989298082
IRIDIUM 33 DEB          
1 34101U 97051DL  14294.96884824  .00012494  00000-0  51157-2 0  5560
2 34101  86.3879   6.7456 0134575  60.9113 352.9044 14.22286881292579
IRIDIUM 33 DEB          
1 34102U 97051DM  14294.97757874  .00011105  00000-0  51857-2 0  5774
2 34102  86.3868  11.0007 0127014  83.6306 331.1880 14.16091717291813
IRIDIUM 33 DEB          
1 34103U 97051DN  14294.47570447  .00010773  00000-0  31946-2 0  7228
2 34103  86.3524 324.5952 0022375  87.7420  12.8517 14.43089118297492
IRIDIUM 33 DEB          
1 34104U 97051DP  14294.49761527  .00012675  00000-0  30112-2 0  7207
2 34104  86.3468 309.7423 0004473 309.6635 174.5735 14.53824206299396
IRIDIUM 33 DEB          
1 34105U 97051DQ  14294.44793675  .00023746  00000-0  52357-2 0  7499
2 34105  86.3607 320.1611 0017348  42.2098   9.0680 14.57167786298393
IRIDIUM 33 DEB          
1 34106U 97051DR  14294.12489958  .00009440  00000-0  27043-2 0  6501
2 34106  86.3651 319.3626 0016870 326.7843  91.4259 14.44830710298528
IRIDIUM 33 DEB          
1 34107U 97051DS  14295.14373571  .00007929  00000-0  22353-2 0  6631
2 34107  86.3878 324.3609 0019014  14.9330  51.0975 14.45571237298622
IRIDIUM 33 DEB          
1 34143U 97051DW  14294.62920926  .00016222  00000-0  43584-2 0  6427
2 34143  86.3988 330.5517 0019120 145.0073 340.8556 14.47882537297701
IRIDIUM 33 DEB          
1 34145U 97051DY  14295.04386248  .00003811  00000-0  15712-2 0  4025
2 34145  86.2163 306.8528 0065485 300.7273 111.7870 14.25465252294722
IRIDIUM 33 DEB          
1 34146U 97051DZ  14295.09292346  .00002672  00000-0  95730-3 0  5424
2 34146  86.2881 312.2170 0037576 220.4232 227.5128 14.33270874296364
IRIDIUM 33 DEB          
1 34147U 97051EA  14294.67525867  .00034753  00000-0  97429-2 0  6685
2 34147  86.4539   3.0388 0076599 258.8692 220.5487 14.44124881296062
IRIDIUM 33 DEB          
1 34148U 97051EB  14294.63135896  .00024986  00000-0  54988-2 0  7110
2 34148  86.4070 330.4092 0012048 238.5600 243.9427 14.57296144298864
IRIDIUM 33 DEB          
1 34150U 97051ED  14294.94171009  .00023778  00000-0  75327-2 0  5029
2 34150  86.4874  10.4711 0068252 272.0665 140.5276 14.38621258296065
IRIDIUM 33 DEB          
1 34153U 97051EG  14277.46572837  .99999999 -19493-5  90630-1 0  9387
2 34153  86.2272 272.2556 0035709 206.6674 311.6135 16.11512693301402
IRIDIUM 33 DEB          
1 34155U 97051EJ  14294.69460249  .00027207  00000-0  79454-2 0  6525
2 34155  86.4760 358.0926 0052392 194.7978 288.3266 14.43112304296847
IRIDIUM 33 DEB          
1 34156U 97051EK  14294.12938882  .00039908  00000-0  81163-2 0  7372
2 34156  86.3192 311.1852 0024069  78.1773   7.8375 14.60695766297755
IRIDIUM 33 DEB          
1 34157U 97051EL  14295.08260038  .00059667  00000-0  10420-1 0  7214
2 34157  86.3786 319.6892 0026444 143.3210 269.1135 14.67387094299143
IRIDIUM 33 DEB          
1 34159U 97051EN  14294.61077550  .00001399  00000-0  51781-3 0  5639
2 34159  86.3527 328.2595 0030858 221.4976 259.2177 14.31421816296454
IRIDIUM 33 DEB          
1 34160U 97051EP  14295.13471855  .00008350  00000-0  25395-2 0  6675
2 34160  86.4130 344.9425 0040862 176.4320 242.0667 14.41510947296293
IRIDIUM 33 DEB          
1 34350U 97051ES  14294.13713362  .00001591  00000-0  51653-3 0  5695
2 34350  86.3275 313.1504 0021975 214.8131 213.6112 14.38189706296986
IRIDIUM 33 DEB          
1 34351U 97051ET  14294.16245591  .00015172  00000-0  38453-2 0  6348
2 34351  86.4292 333.3923 0046837 165.3610 260.9702 14.50107993298144
IRIDIUM 33 DEB          
1 34354U 97051EW  14294.01979183  .00031062  00000-0  75256-2 0  4544
2 34354  86.2196 290.8244 0052043  71.3866 341.8609 14.51995786297292
IRIDIUM 33 DEB          
1 34356U 97051EY  14295.14938255  .00058254  00000-0  95406-2 0  8057
2 34356  86.3859 323.5884 0032591 107.1257 253.3532 14.70108294297757
IRIDIUM 33 DEB          
1 34358U 97051FA  14295.08306674  .00007652  00000-0  22905-2 0  5884
2 34358  86.3308 316.8243 0019356  73.9922 339.0498 14.42654750297334
IRIDIUM 33 DEB          
1 34359U 97051FB  14294.11262337  .00022061  00000-0  51667-2 0  6378
2 34359  86.3652 317.7718 0043167 344.2596  72.5604 14.53889470298062
IRIDIUM 33 DEB          
1 34360U 97051FC  14294.52638685  .00054441  00000-0  89866-2 0  7840
2 34360  86.3465 308.9242 0002348 121.6632 355.7412 14.70132763298804
IRIDIUM 33 DEB          
1 34361U 97051FD  14294.57775477  .00030250  00000-0  73819-2 0  7480
2 34361  86.3697 331.6789 0042504 143.5703 341.4636 14.51936714296266
IRIDIUM 33 DEB          
1 34363U 97051FF  14294.65268344  .00013522  00000-0  43833-2 0  7397
2 34363  86.3602 335.5134 0051787 238.7449 242.5002 14.38097964295096
IRIDIUM 33 DEB          
1 34364U 97051FG  14295.13415660  .00076632  00000-0  11219-1 0  8133
2 34364  86.3594 316.9210 0006123  69.9236 357.0101 14.75207738298826
IRIDIUM 33 DEB          
1 34366U 97051FJ  14293.45807568  .00003773  00000-0  13512-2 0  1442
2 34366  86.3790 334.6167 0028506 214.9952 243.9921 14.33552344296258
IRIDIUM 33 DEB          
1 34367U 97051FK  14294.67767336  .00017304  00000-0  50600-2 0  7413
2 34367  86.4237 344.3524 0038929 180.9939 307.5615 14.43459346296591
IRIDIUM 33 DEB          
1 34368U 97051FL  14294.48868208  .00014879  00000-0  51583-2 0  7272
2 34368  86.3977 353.8792 0073444 290.6536 133.9994 14.34009316293942
IRIDIUM 33 DEB          
1 34373U 97051FR  14294.12694794  .00066934  00000-0  10720-1 0  8082
2 34373  86.3763 321.1725 0007409 105.5746 313.0287 14.71365056298072
IRIDIUM 33 DEB          
1 34374U 97051FS  14295.14260831  .00042157  00000-0  83500-2 0  6757
2 34374  86.4755 352.4068 0020275  99.5508 320.3829 14.61937658298149
IRIDIUM 33 DEB          
1 34375U 97051FT  14294.21131765  .00001117  00000-0  56489-3 0  4439
2 34375  86.4358  13.3685 0109417  23.8877  39.3765 14.12254704292838
IRIDIUM 33 DEB          
1 34376U 97051FU  14294.11466226  .00005868  00000-0  21815-2 0  5232
2 34376  86.3132 323.8216 0041907 231.9620 181.3822 14.31487674296138
IRIDIUM 33 DEB          
1 34378U 97051FW  14294.48369512  .00011234  00000-0  39210-2 0  6552
2 34378  86.3609 345.4938 0074403 285.0868 140.4860 14.33643299294204
IRIDIUM 33 DEB          
1 34486U 97051GB  14294.12556082  .00006480  00000-0  18103-2 0  5669
2 34486  86.4143 328.3380 0020814 193.9560 249.5190 14.45972821298190
IRIDIUM 33 DEB          
1 34487U 97051GC  14295.07304444  .00000900  00000-0  28382-3 0  3893
2 34487  86.3440 314.6844 0032261 205.4375 208.3076 14.39006197296859
IRIDIUM 33 DEB          
1 34488U 97051GD  14294.07265412  .00007613  00000-0  20046-2 0  3856
2 34488  86.3466 309.0834 0027791 186.1015 227.6979 14.48712617299022
IRIDIUM 33 DEB          
1 34489U 97051GE  14294.17329679  .00013144  00000-0  52708-2 0  4020
2 34489  86.4235   4.8740 0082473 324.2553  66.0951 14.26318894292825
IRIDIUM 33 DEB          
1 34490U 97051GF  14294.77649535  .00036447  00000-0  91590-2 0   315
2 34490  86.3347 319.2969 0052717 156.9960 255.1664 14.50224379296744
IRIDIUM 33 DEB          
1 34491U 97051GG  14294.88215397  .00074232  00000-0  14212-1 0  1302
2 34491  86.3604 341.8080 0060831 203.3810 282.5801 14.62223291294619
IRIDIUM 33 DEB          
1 34492U 97051GH  14294.86420166  .00004695  00000-0  31371-2 0  2317
2 34492  86.5084  80.9708 0312018  57.6274  69.1448 13.79760577284539
IRIDIUM 33 DEB          
1 34493U 97051GJ  14295.05164157  .00019150  00000-0  51445-2 0  4177
2 34493  86.2711 304.5956 0068882  81.2383 332.0496 14.46567980295990
IRIDIUM 33 DEB          
1 34496U 97051GM  14293.95325524  .00019034  00000-0  77804-2 0  6343
2 34496  86.4021  10.6146 0122832  62.0824  61.9516 14.23135555291315
IRIDIUM 33 DEB          
1 34497U 97051GN  14295.11156220  .00001972  00000-0  91556-3 0   425
2 34497  86.2815 330.6104 0090507 357.8431  55.2474 14.18072204292232
IRIDIUM 33 DEB          
1 34499U 97051GQ  14295.04653990  .00163871  00000-0  11291-1 0  6503
2 34499  86.3910 295.1791 0036299  78.1193 340.4308 15.04535873301524
IRIDIUM 33 DEB          
1 34503U 97051GU  14295.11606965  .00013150  00000-0  33219-2 0  6191
2 34503  86.3128 298.0669 0012904 194.5465 256.4958 14.50885141298718
IRIDIUM 33 DEB          
1 34505U 97051GW  14295.07632751  .00111591  00000-0  11393-1 0  1944
2 34505  86.3918 316.5369 0004452 163.3771 248.8324 14.90028699299784
IRIDIUM 33 DEB          
1 34508U 97051GZ  14292.65846638  .00002814  00000-0  12520-2 0  5102
2 34508  86.3817 351.9173 0079447 322.2508 153.4584 14.20935098292674
IRIDIUM 33 DEB          
1 34510U 97051HB  14295.10449294  .01196683  00000-0  37376-1 0  3781
2 34510  86.2655 297.8565 0011205 120.8650 239.3702 15.30501557298669
IRIDIUM 33 DEB          
1 34511U 97051HC  14295.16212916  .00008110  00000-0  26172-2 0  9467
2 34511  86.3926 336.9201 0029353 157.2957 260.1256 14.38831772295813
IRIDIUM 33 DEB          
1 34515U 97051HG  14295.00138632  .00054389  00000-0  79713-2 0   937
2 34515  86.2932 288.1618 0031931 204.9883 207.8072 14.74964570299536
IRIDIUM 33 DEB          
1 34517U 97051HJ  14295.11039825  .00020774  00000-0  49506-2 0   179
2 34517  86.3741 322.5046 0008528  36.2727  16.4389 14.53634721297738
IRIDIUM 33 DEB          
1 34518U 97051HK  14294.23658737  .00019107  00000-0  48447-2 0   172
2 34518  86.4024 332.9062 0022329 114.0694 335.8885 14.50588718296526
IRIDIUM 33 DEB          
1 34520U 97051HM  14294.14196834  .00026359  00000-0  66291-2 0   242
2 34520  86.3772 330.3347 0030285 147.4451 272.7635 14.50810579296476
IRIDIUM 33 DEB          
1 34521U 97051HN  14293.46073875  .00004469  00000-0  14414-2 0  9399
2 34521  86.3877 328.9854 0010918 119.3478 341.2430 14.39003487296741
IRIDIUM 33 DEB          
1 34522U 97051HP  14294.66448274  .00020771  00000-0  68709-2 0  6377
2 34522  86.3722 345.5991 0063097 280.8451 207.7997 14.36702360294182
IRIDIUM 33 DEB          
1 34524U 97051HR  14295.13046170  .00009917  00000-0  30976-2 0  6049
2 34524  86.3492 325.7640 0038494 202.8561 214.6076 14.40268721296111
IRIDIUM 33 DEB          
1 34525U 97051HS  14295.13429506  .00001530  00000-0  52471-3 0  5494
2 34525  86.3751 327.7426 0007213 113.2004 304.1761 14.35560408296652
IRIDIUM 33 DEB          
1 34526U 97051HT  14295.12558491  .00019703  00000-0  52670-2 0    92
2 34526  86.3529 325.4172 0030632 151.3767 269.4487 14.47939488296322
IRIDIUM 33 DEB          
1 34529U 97051HW  14293.12485877  .00000907  00000-0  29912-3 0  9303
2 34529  86.3642 322.8786 0007784 233.7204 188.2621 14.37054740296782
IRIDIUM 33 DEB          
1 34530U 97051HX  14295.10838490  .02111660  00000-0  52780-1 0  8204
2 34530  86.3919 344.1639 0032993 238.7119 208.5167 15.36536368295494
IRIDIUM 33 DEB          
1 34532U 97051HZ  14294.15843588  .00024994  00000-0  77851-2 0   226
2 34532  86.3572 339.1655 0067862 238.2918 121.1654 14.39455783294345
IRIDIUM 33 DEB          
1 34535U 97051JC  14294.37326745  .00013024  00000-0  29061-2 0   170
2 34535  86.3414 308.7826 0016752 168.4909 256.8231 14.56661684298261
IRIDIUM 33 DEB          
1 34538U 97051JF  14295.04455084  .00002850  00000-0  11194-2 0  8785
2 34538  86.2806 316.7863 0043429 217.9210 171.0705 14.28514751295750
IRIDIUM 33 DEB          
1 34540U 97051JH  14294.49293977  .00004372  00000-0  11859-2 0  5783
2 34540  86.3219 302.4915 0029122 202.7614 280.6890 14.47197753298852
IRIDIUM 33 DEB          
1 34593U 97051JK  14294.60430501  .00028104  00000-0  64803-2 0   129
2 34593  86.3886 334.9371 0027575 167.3892 318.8028 14.54923745296615
IRIDIUM 33 DEB          
1 34643U 97051JU  14295.09755722  .00010864  00000-0  32792-2 0  3437
2 34643  86.3891 333.4134 0036377 192.0586 225.6890 14.41989888293652
IRIDIUM 33 DEB          
1 34645U 97051JW  14295.07613258  .00095824  00000-0  10610-1 0  8353
2 34645  86.3342 297.1545 0012070 165.7646 194.3922 14.86782844297053
IRIDIUM 33 DEB          
1 34648U 97051JZ  14294.31486530  .00003922  00000-0  29284-2 0  1813
2 34648  86.4176  57.3874 0251857  46.6020 343.3545 13.80628674285062
IRIDIUM 33 DEB          
1 34651U 97051KC  14294.52640228  .00007867  00000-0  48259-2 0  4577
2 34651  86.2982   9.7024 0204053 242.4045 180.8694 13.95849566287776
IRIDIUM 33 DEB          
1 34652U 97051KD  14294.31810883  .00003097  00000-0  90597-3 0   166
2 34652  86.3350 310.0907 0039568 187.0818 230.0792 14.43268758297178
IRIDIUM 33 DEB          
1 34657U 97051KJ  14294.05199670  .00040093  00000-0  77483-2 0   228
2 34657  86.3184 304.7497 0022041 314.9595  97.6682 14.63040490297126
IRIDIUM 33 DEB          
1 34690U 97051KM  14294.13539847  .00005756  00000-0  18844-2 0  4573
2 34690  86.3882 331.3244 0012043 175.3062 238.6549 14.38299522293683
IRIDIUM 33 DEB          
1 34693U 97051KQ  14295.03582774  .00006809  00000-0  18252-2 0  4217
2 34693  86.3390 308.1376 0029144 177.7552 240.7281 14.47832099295803
IRIDIUM 33 DEB          
1 34694U 97051KR  14295.15834698  .00176040  00000-0  16529-1 0  8488
2 34694  86.4223 327.0038 0021949 321.7937 104.3900 14.92858960296425
IRIDIUM 33 DEB          
1 34696U 97051KT  14294.10121831  .00005090  00000-0  27450-2 0  1308
2 34696  86.2119 337.3470 0153399 149.3660 241.0356 14.06715715289741
IRIDIUM 33 DEB          
1 34697U 97051KU  14295.13900881  .00123690  00000-0  15325-1 0  2252
2 34697  86.4452 346.0197 0044891  99.8706 316.5697 14.81322096293282
IRIDIUM 33 DEB          
1 34698U 97051KV  14294.10011443  .00041399  00000-0  78864-2 0  5476
2 34698  86.3590 317.9484 0010326  62.3009   3.0150 14.63802300294361
IRIDIUM 33 DEB          
1 34700U 97051KX  14295.04033553  .00425113  00000-0  17935-1 0  7080
2 34700  86.3729 304.2517 0026506 155.7704 256.3878 15.21113669297351
IRIDIUM 33 DEB          
1 34702U 97051KZ  14294.97170514  .00007809  00000-0  18483-2 0  8878
2 34702  86.3079 293.5853 0048295 138.9239 221.5620 14.53258422298901
IRIDIUM 33 DEB          
1 34705U 97051LC  14293.50678507  .00027511  00000-0  79900-2 0  8462
2 34705  86.4797   4.1643 0063775 210.3466 208.5815 14.42992087294662
IRIDIUM 33 DEB          
1 34706U 97051LD  14294.46815744  .00015618  00000-0  30784-2 0  9727
2 34706  86.3207 298.5032 0033979 223.3228 265.3879 14.62056106298280
IRIDIUM 33 DEB          
1 34709U 97051LG  14294.37598561  .00032977  00000-0  64393-2 0  4247
2 34709  86.3383 309.3587 0018678  64.7711 359.9829 14.62658629297357
IRIDIUM 33 DEB          
1 34764U 97051LH  14294.34125898  .00018494  00000-0  42723-2 0  3626
2 34764  86.3724 322.8724 0012299  96.5988 263.6619 14.55073459295701
IRIDIUM 33 DEB          
1 34765U 97051LJ  14295.06825079  .00001581  00000-0  57016-3 0  3031
2 34765  86.3398 323.0227 0018600 182.7508 235.6456 14.32982264293184
IRIDIUM 33 DEB          
1 34772U 97051LR  14274.09484738  .12464843  00000-0  38066-1 0  1860
2 34772  86.3488 309.9200 0008558 239.4395 183.8465 15.86498470296325
IRIDIUM 33 DEB          
1 34773U 97051LS  14295.13018076  .00010064  00000-0  30087-2 0  8982
2 34773  86.4176 337.4387 0019271 108.8620 318.1177 14.42732656298005
IRIDIUM 33 DEB          
1 34774U 97051LT  14295.16180365  .00010075  00000-0  27658-2 0  5829
2 34774  86.4341 337.5010 0012606  60.5072 357.0271 14.46921129298279
IRIDIUM 33 DEB          
1 34775U 97051LU  14294.61999479  .00008335  00000-0  28220-2 0  2394
2 34775  86.3833 336.1562 0030443 177.9415 309.7691 14.36437460294719
IRIDIUM 33 DEB          
1 34776U 97051LV  14295.04555672  .00278046  00000-0  16160-1 0  6409
2 34776  86.3663 301.9539 0018336 123.1269 289.5709 15.10630115298064
IRIDIUM 33 DEB          
1 34825U 97051LZ  14295.13802050  .00010527  00000-0  31194-2 0  2149
2 34825  86.3762 328.5414 0018253 128.6374 292.8277 14.43174140293520
IRIDIUM 33 DEB          
1 34827U 97051MB  14295.04915370  .00014476  00000-0  34681-2 0  9936
2 34827  86.3926 327.0592 0003896 252.2042 136.3419 14.53427913294204
IRIDIUM 33 DEB          
1 34833U 97051MH  14294.31233866  .00002302  00000-0  76297-3 0  3293
2 34833  86.3971 332.5991 0023894 204.7174 283.6236 14.37334610290801
IRIDIUM 33 DEB          
1 34866U 97051ML  14294.98016846  .00181938  00000-0  14049-1 0  9518
2 34866  86.3062 293.0906 0013332 156.2459 203.9391 15.00568410295628
IRIDIUM 33 DEB          
1 34868U 97051MN  14294.50061363  .00015521  00000-0  46584-2 0  8504
2 34868  86.5478  23.4723 0149759 296.8384  61.7566 14.36323972290119
IRIDIUM 33 DEB          
1 34869U 97051MP  14294.50042885  .00014853  00000-0  57244-2 0    68
2 34869  86.4534  11.7595 0091969 319.4322  95.9348 14.27876203287261
IRIDIUM 33 DEB          
1 34870U 97051MQ  14294.33595029  .00004323  00000-0  12162-2 0  7770
2 34870  86.3197 305.0852 0033058 185.3456 232.2270 14.45368184299240
IRIDIUM 33 DEB          
1 34889U 97051MR  14293.37723116  .00013981  00000-0  37654-2 0  8171
2 34889  86.3774 326.4703 0014418 118.7571 241.5083 14.47821142293991
IRIDIUM 33 DEB          
1 34890U 97051MS  14295.13347205  .00015246  00000-0  55678-2 0   646
2 34890  86.3118 335.3518 0087892 280.2270 133.0883 14.30776723290733
IRIDIUM 33 DEB          
1 34893U 97051MV  14294.27339242  .00029124  00000-0  72931-2 0   848
2 34893  86.1568 285.5644 0042830 206.5849 214.4938 14.50719403295908
IRIDIUM 33 DEB          
1 34895U 97051MX  14293.34373432  .00040673  00000-0  69204-2 0  9891
2 34895  86.4182 329.8589 0080383 121.0154 239.8987 14.66753706294185
IRIDIUM 33 DEB          
1 34896U 97051MY  14293.37699372  .00003722  00000-0  10302-2 0  6996
2 34896  86.3337 306.5342 0038968 182.3505 243.6068 14.45999112292684
IRIDIUM 33 DEB          
1 34897U 97051MZ  14294.85189685  .00025219  00000-0  47360-2 0  7172
2 34897  86.4243 333.6949 0003269 251.1181 108.9678 14.64570401293203
IRIDIUM 33 DEB          
1 34898U 97051NA  14294.29710354  .00009784  00000-0  21856-2 0  7029
2 34898  86.3353 299.6808 0035119 148.3714 211.9615 14.56302875293607
IRIDIUM 33 DEB          
1 34899U 97051NB  14294.44797575  .00020504  00000-0  56943-2 0  1197
2 34899  86.4017 340.2967 0048963 200.6093 217.6808 14.45674750288746
IRIDIUM 33 DEB          
1 34926U 97051NF  14294.60384709  .00008427  00000-0  45758-2 0  8972
2 34926  86.1613 331.2024 0188781 190.0465 298.3807 14.03583390289196
IRIDIUM 33 DEB          
1 34928U 97051NH  14288.37334610  .00002226  00000-0  54470-3 0  3795
2 34928  86.4062 321.5388 0035595 214.5895 202.1619 14.51745058292560
IRIDIUM 33 DEB          
1 34931U 97051NL  14294.12597390  .00041088  00000-0  83269-2 0  4231
2 34931  86.3491 319.6696 0022438 119.4126 304.2325 14.60872687289430
IRIDIUM 33 DEB          
1 34982U 97051NN  14295.03838251  .00058422  00000-0  69681-2 0  1860
2 34982  86.4050 311.2831 0026291 140.8604 280.4529 14.83742377292316
IRIDIUM 33 DEB          
1 34983U 97051NP  14294.39555030  .00017601  00000-0  51345-2 0  5709
2 34983  86.3714 336.9519 0053118 189.5612 170.4583 14.43191266288186
IRIDIUM 33 DEB          
1 34985U 97051NR  14294.11475307  .00001893  00000-0  69359-3 0  9872
2 34985  86.3737 332.7180 0025008 199.7260 215.0019 14.32205363288159
IRIDIUM 33 DEB          
1 34986U 97051NS  14295.11502208  .00011448  00000-0  36233-2 0  2431
2 34986  86.3900 337.4754 0039224 172.6032 187.5754 14.39605228287859
IRIDIUM 33 DEB          
1 34987U 97051NT  14294.07926088  .00023586  00000-0  50501-2 0  9642
2 34987  86.3440 307.9632 0009983 198.3334 244.8136 14.58585254298215
IRIDIUM 33 DEB          
1 35048U 97051NU  14295.06325289  .00050798  00000-0  74457-2 0  9356
2 35048  86.3507 303.2651 0016634 181.1309 238.9721 14.75235142291675
IRIDIUM 33 DEB          
1 35049U 97051NV  14294.83760653  .00013455  00000-0  35747-2 0   257
2 35049  86.3774 320.1661 0005264  24.1626 100.4770 14.48529630289162
IRIDIUM 33 DEB          
1 35050U 97051NW  14293.81605475  .00024573  00000-0  57077-2 0   901
2 35050  86.3159 308.9539 0024635 161.5472 321.4206 14.54648692288847
IRIDIUM 33 DEB          
1 35051U 97051NX  14295.09768914  .00002494  00000-0  85691-3 0  7169
2 35051  86.3256 316.9464 0011432 133.7683 290.2961 14.35691390285400
IRIDIUM 33 DEB          
1 35052U 97051NY  14294.31483860  .00000695  00000-0  23821-3 0  7829
2 35052  86.3295 317.2719 0013846  73.1474 349.4784 14.34776229291048
IRIDIUM 33 DEB          
1 35054U 97051PA  14294.06647918  .00025543  00000-0  65016-2 0  6165
2 35054  86.3560 322.7895 0026405 122.2129 267.9627 14.50313483290898
IRIDIUM 33 DEB          
1 35078U 97051PD  14294.83687677  .00031032  00000-0  68357-2 0  3991
2 35078  86.3975 332.5267 0023364 103.0535  20.4247 14.57094416286349
IRIDIUM 33 DEB          
1 35080U 97051PF  14293.89966593  .00012884  00000-0  68714-2 0  8307
2 35080  86.2480 351.5275 0197316 191.1643 295.2593 14.03763781283206
IRIDIUM 33 DEB          
1 35293U 97051PH  14294.25475452  .00024920  00000-0  40953-2 0  8559
2 35293  86.3195 290.3238 0043298  83.8036 276.8110 14.69868703289946
IRIDIUM 33 DEB          
1 35294U 97051PJ  14293.85544336  .00010373  00000-0  29270-2 0  7941
2 35294  86.3302 315.1183 0010728 149.4096 329.7793 14.45610077286821
IRIDIUM 33 DEB          
1 35296U 97051PL  14293.36009757  .00008284  00000-0  24621-2 0  4560
2 35296  86.3147 311.5062 0022616 174.7813 243.4662 14.42971210286231
IRIDIUM 33 DEB          
1 35297U 97051PM  14294.90448041  .00002370  00000-0  84536-3 0  7908
2 35297  86.3910 335.0879 0019302 155.3592 324.3922 14.33732794285783
IRIDIUM 33 DEB          
1 35299U 97051PP  14295.11380442  .00004822  00000-0  20514-2 0  8768
2 35299  86.2959 327.6624 0064767 286.0655 128.9350 14.23923922283278
IRIDIUM 33 DEB          
1 35477U 97051PX  14289.98254924  .00007145  00000-0  29491-2 0  4354
2 35477  86.3837  10.0955 0129851  74.1519  49.0708 14.22179165280675
IRIDIUM 33 DEB          
1 35478U 97051PY  14293.95590513  .00029308  00000-0  89536-2 0  3927
2 35478  86.4635   6.7612 0060657 271.3081 214.8857 14.40641762284676
IRIDIUM 33 DEB          
1 35479U 97051PZ  14293.52578105  .00008224  00000-0  37758-2 0  4210
2 35479  86.3853   6.1899 0106964  55.0651 305.8657 14.18146742277495
IRIDIUM 33 DEB          
1 35480U 97051QA  14295.05818830  .00002866  00000-0  94892-3 0  7250
2 35480  86.3600 322.5519 0015653 193.5019 195.8168 14.37553677287171
IRIDIUM 33 DEB          
1 35483U 97051QD  14290.48603900  .00005623  00000-0  19948-2 0  6560
2 35483  86.4376   2.6335 0074589 290.7607  68.5606 14.32781392287325
IRIDIUM 33 DEB          
1 35484U 97051QE  14294.33451243  .00003734  00000-0  10573-2 0  3158
2 35484  86.3829 321.4069 0058169 175.2981 184.8551 14.44339651287794
IRIDIUM 33 DEB          
1 35486U 97051QG  14295.12557522  .00380941  00000-0  26404-1 0  1521
2 35486  86.3884 326.3162 0015211   4.9109  55.2088 15.03602258288346
IRIDIUM 33 DEB          
1 35487U 97051QH  14294.92324312  .00017455  00000-0  58694-2 0  9463
2 35487  86.3441 341.3893 0067946 264.8256 220.1181 14.35729064284865
IRIDIUM 33 DEB          
1 35488U 97051QJ  14293.99261149  .00005912  00000-0  14636-2 0  7290
2 35488  86.3353 301.0566 0045084 164.8484 225.5301 14.51215436289240
IRIDIUM 33 DEB          
1 35489U 97051QK  14294.56224431  .00106747  00000-0  11955-1 0  5711
2 35489  86.3820 316.7816 0021855 191.3796 292.8666 14.86136992291579
IRIDIUM 33 DEB          
1 35615U 97051QM  14294.52954038  .00036768  00000-0  69134-2 0   141
2 35615  86.3738 313.4151 0014198 196.9371 163.1369 14.64388229289324
IRIDIUM 33 DEB          
1 35616U 97051QN  14294.82915745  .00005785  00000-0  16420-2 0  5732
2 35616  86.3659 316.8293 0020916 198.4624 286.3083 14.45193953286677
IRIDIUM 33 DEB          
1 35617U 97051QP  14294.95033250  .00041592  00000-0  11171-1 0  6373
2 35617  86.5028  12.2145 0063750 234.4668 125.0580 14.46656780281618
IRIDIUM 33 DEB          
1 35618U 97051QQ  14294.36531488  .00001576  00000-0  47012-3 0  5647
2 35618  86.3401 311.0978 0032774 197.9972 220.6549 14.42154521284284
IRIDIUM 33 DEB          
1 35619U 97051QR  14294.76877550  .00112064  00000-0  12707-1 0  8802
2 35619  86.3078 295.8333 0014125 162.2854 323.7036 14.85694089286130
IRIDIUM 33 DEB          
1 35621U 97051QT  14293.73103158  .00052231  00000-0  72285-2 0  4226
2 35621  86.2750 294.1775 0009110 107.1306 247.6919 14.77748386288316
IRIDIUM 33 DEB          
1 35622U 97051QU  14294.98911309  .00008907  00000-0  29138-2 0  7650
2 35622  86.2231 293.5245 0030708 192.6627 197.4025 14.38137923285366
IRIDIUM 33 DEB          
1 35623U 97051QV  14274.57445033  .00030370  00000-0  82259-2 0  1926
2 35623  86.4791  23.3159 0086850  15.8798 344.9251 14.45302560277031
IRIDIUM 33 DEB          
1 35624U 97051QW  14294.85467128  .00023164  00000-0  71177-2 0  6733
2 35624  86.3675 341.8177 0067297 269.9556  89.3932 14.40150982287770
IRIDIUM 33 DEB          
1 35625U 97051QX  14294.85655329  .00003925  00000-0  20272-2 0  4377
2 35625  86.2013 325.8646 0137527 104.7522  17.7947 14.10038842281729
IRIDIUM 33 DEB          
1 35627U 97051QZ  14294.37021573  .00011688  00000-0  37728-2 0  6353
2 35627  86.3637 335.7824 0035365 207.8041 152.1269 14.38720122284475
IRIDIUM 33 DEB          
1 35628U 97051RA  14293.86414590  .00005628  00000-0  17647-2 0  6076
2 35628  86.3655 322.9315 0019991 197.1651 283.6417 14.40349130282229
IRIDIUM 33 DEB          
1 35629U 97051RB  14294.48302235  .00007628  00000-0  26651-2 0  7650
2 35629  86.3844 356.1022 0087090 326.1187  90.6483 14.33011127278551
IRIDIUM 33 DEB          
1 35631U 97051RD  14293.36848529  .00001508  00000-0  46635-3 0  8950
2 35631  86.3677 319.4333 0018426 255.6608 158.7163 14.40609877287796
IRIDIUM 33 DEB          
1 35632U 97051RE  14293.48371706  .00003397  00000-0  15484-2 0  6067
2 35632  86.4328  15.8149 0126553  64.9147 356.4058 14.17202360277017
IRIDIUM 33 DEB          
1 35678U 97051RG  14294.33475872  .00017508  00000-0  40589-2 0  2004
2 35678  86.3654 318.9744 0011200 132.4970 284.6526 14.54919968282000
IRIDIUM 33 DEB          
1 35679U 97051RH  14293.41055736  .00025765  00000-0  64570-2 0  6000
2 35679  86.3391 325.9417 0047087 204.6740 219.1869 14.50586913282631
IRIDIUM 33 DEB          
1 35732U 97051RK  14294.32584108  .00012200  00000-0  41542-2 0  5419
2 35732  86.2468 310.5190 0054192 229.9132 129.7307 14.35592801281619
IRIDIUM 33 DEB          
1 35733U 97051RL  14295.03363418  .00042546  00000-0  54127-2 0  3437
2 35733  86.3849 315.6291 0036316 220.9224 138.9271 14.80921936284084
IRIDIUM 33 DEB          
1 35734U 97051RM  14288.29496144  .00102362  00000-0  54923-2 0  5946
2 35734  86.3719 296.9203 0014731  20.2534 339.9287 15.14408436288804
IRIDIUM 33 DEB          
1 35735U 97051RN  14294.32555791  .00019534  00000-0  36609-2 0  7303
2 35735  86.3883 312.6545 0025561 138.1867 277.4005 14.64477873284572
IRIDIUM 33 DEB          
1 35737U 97051RQ  14294.96992135  .00014102  00000-0  48524-2 0  5721
2 35737  86.4407   2.1808 0057442 289.2238 192.4919 14.34970832288296
IRIDIUM 33 DEB          
1 35739U 97051RS  14293.43703824  .00024453  00000-0  80006-2 0  5696
2 35739  86.4092 355.9413 0071314 302.3160 116.2685 14.36912129287957
IRIDIUM 33 DEB          
1 35741U 97051RU  14292.55257586  .00043268  00000-0  76901-2 0  6033
2 35741  86.3595 322.5112 0030867 109.2652  44.3291 14.66622940289443
IRIDIUM 33 DEB          
1 35742U 97051RV  14293.46803247  .00015137  00000-0  47394-2 0  7710
2 35742  86.4382 355.4699 0074560 198.4746 223.0127 14.38975054284373
IRIDIUM 33 DEB          
1 35744U 97051RX  14293.81816238  .00005234  00000-0  14527-2 0  7523
2 35744  86.3352 307.4072 0035249 184.3611 301.3114 14.46012299283567
IRIDIUM 33 DEB          
1 35745U 97051RY  14293.46194593  .00020841  00000-0  78207-2 0  6084
2 35745  86.3698   1.6882 0114147  17.0288  37.7196 14.27963525278357
IRIDIUM 33 DEB          
1 35748U 97051SB  14294.39731602  .00027138  00000-0  53538-2 0  5982
2 35748  86.3925 325.7721 0005141 111.2269 305.1576 14.62328983278316
IRIDIUM 33 DEB          
1 35749U 97051SC  14294.40102231  .00007314  00000-0  21079-2 0  6895
2 35749  86.3821 326.9521 0022365  72.2199 288.1441 14.44456769277918
IRIDIUM 33 DEB          
1 35750U 97051SD  14294.63284185  .00074396  00000-0  12518-1 0  8344
2 35750  86.1021 249.2602 0009994  41.0406 319.1559 14.69133066279001
IRIDIUM 33 DEB          
1 35797U 97051SF  14294.35464358  .00004739  00000-0  13297-2 0  6939
2 35797  86.3469 311.7463 0026407 191.0810 226.0291 14.45636628283531
IRIDIUM 33 DEB          
1 35799U 97051SH  14293.55794735  .00016223  00000-0  50028-2 0  6043
2 35799  85.9459 232.1371 0080823 167.5922 192.7293 14.39430201291032
IRIDIUM 33 DEB          
1 35800U 97051SJ  14294.27304693  .00022224  00000-0  39831-2 0  5547
2 35800  86.2740 282.4058 0051003  94.9194 322.6578 14.65818366288873
IRIDIUM 33 DEB          
1 35802U 97051SL  14294.48474685  .00009633  00000-0  37320-2 0  6205
2 35802  86.4698  13.0987 0078860 328.4820  87.6383 14.28220343289132
IRIDIUM 33 DEB          
1 35803U 97051SM  14289.76880205  .00032396  00000-0  47831-2 0  4994
2 35803  86.2222 289.7435 0031147 126.1352 234.2756 14.74785282278449
IRIDIUM 33 DEB          
1 35805U 97051SP  14293.90171473  .00007768  00000-0  34824-2 0  7050
2 35805  86.3283 352.2230 0138539  49.0511  73.3901 14.17399351272668
IRIDIUM 33 DEB          
1 35806U 97051SQ  14294.37304255  .00003419  00000-0  11784-2 0  3728
2 35806  86.3499 324.9225 0019454 168.1169 192.0490 14.35563984277341
IRIDIUM 33 DEB          
1 35809U 97051ST  14294.34227117  .00004482  00000-0  13270-2 0  4521
2 35809  86.3368 312.6020 0025168 193.9438 222.9703 14.43050287278493
IRIDIUM 33 DEB          
1 35844U 97051SU  14287.82699985  .00008949  00000-0  17999-2 0  4817
2 35844  86.3212 305.3261 0020096 280.5172  79.3775 14.61378650275867
IRIDIUM 33 DEB          
1 35846U 97051SW  14292.39950053  .00002190  00000-0  79165-3 0  2996
2 35846  86.3802 334.2875 0020976 169.2402 190.9246 14.33001879272946
IRIDIUM 33 DEB          
1 35848U 97051SY  14294.38932992  .00004585  00000-0  13306-2 0  5763
2 35848  86.4012 326.7928 0016781 203.1318 214.5479 14.44129318271952
IRIDIUM 33 DEB          
1 35850U 97051TA  14293.82906813  .00006304  00000-0  18076-2 0  6690
2 35850  86.3598 316.3581 0020585 201.1306 158.9048 14.44712955283260
IRIDIUM 33 DEB          
1 35851U 97051TB  14293.49276818  .00016741  00000-0  53752-2 0  6224
2 35851  86.4276 356.5325 0063394 261.9696  97.4306 14.38178960288431
IRIDIUM 33 DEB          
1 35853U 97051TD  14294.87900729  .00019232  00000-0  66392-2 0  3256
2 35853  86.3102 332.4476 0086146 252.5967 229.9747 14.33640947269611
IRIDIUM 33 DEB          
1 35856U 97051TG  14293.06895479  .00021144  00000-0  54450-2 0  7053
2 35856  86.3803 326.9951 0042237 154.1677 235.4824 14.49453251273784
IRIDIUM 33 DEB          
1 35857U 97051TH  14274.14934919  .00012768  00000-0  30812-2 0  3532
2 35857  86.4314 338.5550 0033966 269.3144 122.5320 14.52739649281164
IRIDIUM 33 DEB          
1 35858U 97051TJ  14294.09056894  .00028709  00000-0  91590-2 0  5361
2 35858  86.3687 339.4835 0069813 218.9054 140.7109 14.38185732280666
IRIDIUM 33 DEB          
1 35862U 97051TN  14294.83829980  .00023630  00000-0  56646-2 0  8995
2 35862  86.3820 326.6076 0021434 117.6035   7.5263 14.53223151277927
IRIDIUM 33 DEB          
1 35863U 97051TP  14293.40512118  .00017287  00000-0  63697-2 0  5037
2 35863  86.3564 343.1270 0068875 291.5663 123.1945 14.31137051275112
IRIDIUM 33 DEB          
1 35911U 97051TU  14294.42704001  .00006453  00000-0  28315-2 0  6344
2 35911  86.2386 324.3594 0099735   7.1124  55.6392 14.20854599286689
IRIDIUM 33 DEB          
1 35913U 97051TW  14291.42998992  .00024153  00000-0  22319-2 0  5880
2 35913  86.5606 354.8978 0100647  34.6405  26.9473 14.90631578275647
IRIDIUM 33 DEB          
1 35914U 97051TX  14293.79990634  .00077624  00000-0  12249-1 0  7207
2 35914  86.3592 325.0912 0078093 154.9659 205.5377 14.69938848286774
IRIDIUM 33 DEB          
1 35915U 97051TY  14292.81739119  .00003237  00000-0  93836-3 0  2813
2 35915  86.3583 316.7478 0026439 197.0393 162.9616 14.43984561273468
IRIDIUM 33 DEB          
1 35916U 97051TZ  14293.81240752  .00066538  00000-0  93991-2 0  5632
2 35916  86.3814 316.5296 0001833  81.3296 278.8131 14.76814002272679
IRIDIUM 33 DEB          
1 35918U 97051UB  14294.89574310  .00003910  00000-0  14223-2 0  6348
2 35918  86.4101 342.3641 0032389 205.9815 278.0449 14.32710014269752
IRIDIUM 33 DEB          
1 35920U 97051UD  14294.38198039  .00051950  00000-0  89502-2 0  4960
2 35920  86.3682 316.9060 0020832 106.7212 317.5046 14.68122545273447
IRIDIUM 33 DEB          
1 35921U 97051UE  14293.04171534  .00010449  00000-0  49801-2 0  5534
2 35921  86.4282  24.4813 0166028 135.3752 348.4183 14.12218338285271
IRIDIUM 33 DEB          
1 35922U 97051UF  14293.37469490  .00008603  00000-0  24092-2 0  2892
2 35922  86.3947 327.8147 0035750 180.6139 179.5026 14.45624738272555
IRIDIUM 33 DEB          
1 35925U 97051UJ  14294.78315261  .00021468  00000-0  52551-2 0  6830
2 35925  86.3281 314.4880 0023644  77.4751 282.9097 14.52221014286276
IRIDIUM 33 DEB          
1 35926U 97051UK  14293.03624800  .00008646  00000-0  22547-2 0  7599
2 35926  86.3487 314.5440 0011135 202.4804 186.6645 14.49380107278252
IRIDIUM 33 DEB          
1 35929U 97051UN  14293.36357964  .00006144  00000-0  15980-2 0  6630
2 35929  86.3513 309.1149 0034197 177.4702 182.6682 14.49154870284522
IRIDIUM 33 DEB          
1 36010U 97051UR  14294.74985599  .00135442  00000-0  16365-1 0  5849
2 36010  86.2714 292.0880 0014972 327.9696  32.0615 14.82919386275501
IRIDIUM 33 DEB          
1 36011U 97051US  14293.36155443  .00001450  00000-0  52492-3 0  2799
2 36011  86.3434 325.2492 0021131 193.7263 223.3614 14.32691163270463
IRIDIUM 33 DEB          
1 36012U 97051UT  14294.13417215  .00001921  00000-0  13161-2 0  3641
2 36012  86.4608  68.4736 0298502  41.8813 320.4772 13.79796119270659
IRIDIUM 33 DEB          
1 36013U 97051UU  14295.02697925  .00200131  00000-0  17240-1 0  8683
2 36013  86.3699 312.4345 0003470 201.3430 158.7656 14.96280895276055
IRIDIUM 33 DEB          
1 36017U 97051UY  14294.80000452  .00012049  00000-0  27398-2 0  3955
2 36017  86.3851 321.8191 0028776  92.9351 267.5676 14.55612822271526
IRIDIUM 33 DEB          
1 36019U 97051VA  14294.07698872  .00009724  00000-0  26686-2 0  7303
2 36019  86.3977 326.1217 0006319 265.0438 124.3720 14.46971581271577
IRIDIUM 33 DEB          
1 36021U 97051VC  14287.53739293  .00010235  00000-0  44362-2 0  6581
2 36021  86.4290  17.4416 0134501  73.7607 287.8730 14.19409649267456
IRIDIUM 33 DEB          
1 36023U 97051VE  14294.36566323  .00009415  00000-0  28848-2 0  4794
2 36023  86.3468 325.4838 0030588 169.2958 248.9659 14.41366315271522
IRIDIUM 33 DEB          
1 36024U 97051VF  14294.08522916  .00180838  00000-0  18559-1 0  7715
2 36024  86.4510 336.1023 0040090 183.2327 176.8647 14.88865324277406
IRIDIUM 33 DEB          
1 36025U 97051VG  14295.01673297  .00010646  00000-0  34368-2 0  4992
2 36025  86.5536  35.2242 0109184 290.9047  67.6860 14.35707523272239
IRIDIUM 33 DEB          
1 36026U 97051VH  14294.80292942  .00048085  00000-0  68796-2 0  9257
2 36026  86.4102 316.3298 0022364 165.3336 319.4172 14.76211589280029
IRIDIUM 33 DEB          
1 36027U 97051VJ  14294.81491004  .00044497  00000-0  76101-2 0  7484
2 36027  86.4243 326.7311 0014670  41.5939 318.6389 14.68564619278947
IRIDIUM 33 DEB          
1 36028U 97051VK  14294.78100781  .00005838  00000-0  15326-2 0  5903
2 36028  86.3367 305.5117 0037663 168.3981 191.8100 14.48634527278907
IRIDIUM 33 DEB          
1 36029U 97051VL  14290.52761431  .02254543  00000-0  22633-1 0  9810
2 36029  86.3690 311.3203 0008848 117.6755 247.0248 15.62325256280663
IRIDIUM 33 DEB          
1 36081U 97051VN  14294.32546595  .00007550  00000-0  27816-2 0  2579
2 36081  86.2426 314.7666 0068239 294.5649  65.0035 14.31170198268570
IRIDIUM 33 DEB          
1 36083U 97051VQ  14293.37456146  .00001676  00000-0  59906-3 0  5041
2 36083  86.3462 325.3527 0029311 220.5630 139.3381 14.33310550271218
IRIDIUM 33 DEB          
1 36390U 97051VU  14294.26752201  .00002338  00000-0  63737-3 0  3425
2 36390  86.3057 299.4469 0048051 166.2125 194.0390 14.46331485292228
IRIDIUM 33 DEB          
1 36483U 97051VZ  14294.41138740  .00001542  00000-0  53332-3 0  3832
2 36483  86.3840 331.2827 0011439 157.9537 202.2154 14.35133320273795
IRIDIUM 33 DEB          
1 36485U 97051WB  14293.96154102  .00005495  00000-0  24653-2 0  2241
2 36485  86.4436  23.0741 0143666  87.3467 274.3261 14.16959139254247
IRIDIUM 33 DEB          
1 36486U 97051WC  14288.83873822  .00006410  00000-0  16366-2 0  4285
2 36486  86.3638 317.9900 0020192 177.4759 182.6822 14.50274525291417
IRIDIUM 33 DEB          
1 36487U 97051WD  14295.02869509  .00016167  00000-0  89460-2 0  5424
2 36487  86.3794  24.4771 0197179 206.4298 276.8090 14.01862194255029
IRIDIUM 33 DEB          
1 36488U 97051WE  14291.93056901  .00019458  00000-0  42837-2 0  4629
2 36488  86.4505 345.8331 0031972 108.2537 252.2155 14.57031654275624
IRIDIUM 33 DEB          
1 36489U 97051WF  14294.41986821  .00021056  00000-0  49719-2 0  2530
2 36489  86.4294 338.3895 0020221 135.6815 224.6015 14.53960900286250
IRIDIUM 33 DEB          
1 36490U 97051WG  14293.86696823  .00006048  00000-0  18579-2 0  5841
2 36490  86.3789 325.1560 0001247  73.8761  50.9856 14.41481474275019
IRIDIUM 33 DEB          
1 36491U 97051WH  14294.39645984  .00035657  00000-0  81693-2 0  4937
2 36491  86.3426 329.1934 0069718 166.9480 255.4391 14.53913326276810
IRIDIUM 33 DEB          
1 36492U 97051WJ  14294.87269824  .00011225  00000-0  31726-2 0  6575
2 36492  86.4306 339.2280 0017761  82.7599  41.6141 14.45475344283160
IRIDIUM 33 DEB          
1 36493U 97051WK  14294.34537215  .00003844  00000-0  12160-2 0  5804
2 36493  86.3649 323.0115 0017192 193.9284 225.0347 14.39873075282668
IRIDIUM 33 DEB          
1 36495U 97051WM  14293.86472941  .00030643  00000-0  73802-2 0  3384
2 36495  86.4107 339.0452 0028623 140.6709 219.6584 14.52854382256234
IRIDIUM 33 DEB          
1 36496U 97051WN  14288.73504989  .00064011  00000-0  49026-2 0  5719
2 36496  86.3354 296.6869 0020417  94.5362 265.8203 15.01404834266110
IRIDIUM 33 DEB          
1 36497U 97051WP  14293.23311492  .00005210  00000-0  18690-2 0  4286
2 36497  86.1559 283.9727 0077798 170.3768 250.3436 14.32063147275393
IRIDIUM 33 DEB          
1 36566U 97051WV  14293.06850874  .00019840  00000-0  10546-1 0  5226
2 36566  86.4377  38.1880 0199807 225.2628 263.5090 14.03692694268917
IRIDIUM 33 DEB          
1 36568U 97051WX  14294.01999243  .00063946  00000-0  11488-1 0  6715
2 36568  86.3012 293.6918 0024281  35.1702  19.4133 14.66136120269742
IRIDIUM 33 DEB          
1 36640U 97051XA  14266.85745600  .01696433  00000-0  21956-1 0  3287
2 36640  86.2926 309.7103 0008385 276.0155  84.0980 15.55906052275705
IRIDIUM 33 DEB          
1 36641U 97051XB  14285.75504095  .01768758  00000-0  33140-1 0  8136
2 36641  86.2477 299.9932 0017695 119.8992   2.9226 15.45656259274390
IRIDIUM 33 DEB          
1 36642U 97051XC  14294.37714933  .00013562  00000-0  36827-2 0  4585
2 36642  86.3791 329.3124 0031736  95.6281 264.8542 14.47190031273993
IRIDIUM 33 DEB          
1 37136U 97051XG  14294.78067365  .00002310  00000-0  10736-2 0  3263
2 37136  86.1735 305.3593 0086703 356.2282 130.5773 14.18270325280067
IRIDIUM 33 DEB          
1 37548U 97051XH  14293.87342772  .00003927  00000-0  14535-2 0  4051
2 37548  86.3597 332.1887 0030136 209.4869 273.8689 14.31874666274383
IRIDIUM 33 DEB          
1 37549U 97051XJ  14293.87641604  .00019706  00000-0  63235-2 0  4242
2 37549  86.3931 346.8658 0056712 214.1433 145.6113 14.38419790273176
IRIDIUM 33 DEB          
1 37550U 97051XK  14294.88414476  .00004969  00000-0  15583-2 0  4249
2 37550  86.3861 327.3767 0002892  63.6423  55.7559 14.40435349274639
IRIDIUM 33 DEB          
1 37554U 97051XP  14293.36217153  .00027757  00000-0  46418-2 0  4766
2 37554  86.3897 319.5598 0035316 232.9605 126.8379 14.69304364237583
IRIDIUM 33 DEB          
1 37555U 97051XQ  14293.96580214  .00017272  00000-0  53848-2 0  3163
2 37555  86.4692   1.5188 0058736 224.4571 257.9853 14.39780296260454
IRIDIUM 33 DEB          
1 37557U 97051XS  14294.53399485  .00021494  00000-0  10012-1 0  4423
2 37557  86.3871  14.9278 0142733 120.1155 299.5733 14.15130098268600
IRIDIUM 33 DEB          
1 37559U 97051XU  14291.42634505  .00051096  00000-0  43574-2 0  4976
2 37559  86.2808 286.6664 0023683 129.9168 230.4149 14.97279322247135
IRIDIUM 33 DEB          
1 37560U 97051XV  14294.51585802  .00012415  00000-0  51025-2 0  2897
2 37560  86.3989   6.8269 0116443  37.0679  19.9902 14.23278978246337
IRIDIUM 33 DEB          
1 37562U 97051XX  14293.91839273  .00004273  00000-0  14682-2 0  5036
2 37562  86.3829 332.6732 0031650 211.8790 266.5314 14.35606493276889
IRIDIUM 33 DEB          
1 37564U 97051XZ  14294.35240976  .00035366  00000-0  66909-2 0  5321
2 37564  86.3764 320.9248 0009935  41.7534  16.0418 14.64152233262392
IRIDIUM 33 DEB          
1 37565U 97051YA  14294.35450352  .00001859  00000-0  58369-3 0  2995
2 37565  86.3517 317.4578 0013767 221.8519 194.0208 14.40021112265738
IRIDIUM 33 DEB          
1 37566U 97051YB  14294.48170377  .00016287  00000-0  39543-2 0  6072
2 37566  86.4563 354.0041 0036524 224.5440 198.9402 14.52390710249650
IRIDIUM 33 DEB          
1 38016U 97051YC  14293.49034846  .00024501  00000-0  68679-2 0  4330
2 38016  86.4125 349.4770 0054116 211.7949 214.1144 14.45050961174295
IRIDIUM 33 DEB          
1 38017U 97051YD  14294.56452814  .00017116  00000-0  10219-1 0  3776
2 38017  86.3577  23.0799 0211914 258.5903 162.4751 13.96545599196803
IRIDIUM 33 DEB          
1 38018U 97051YE  14294.74857277  .00039343  00000-0  77910-2 0  3609
2 38018  86.2750 295.7816 0015529 123.5065 236.7632 14.62017962246427
IRIDIUM 33 DEB          
1 38019U 97051YF  14294.51191209  .00013301  00000-0  50381-2 0  5062
2 38019  86.4123   5.9142 0103766  15.1567  42.0640 14.28127522241968
IRIDIUM 33 DEB          
1 38020U 97051YG  14294.47966817  .00011980  00000-0  61767-2 0  6145
2 38020  86.3241  11.4199 0205754 225.6899 193.6390 14.04733868266524
IRIDIUM 33 DEB          
1 38022U 97051YJ  14294.36326917  .00002460  00000-0  10226-2 0  2666
2 38022  86.2783 321.5574 0056365 254.8162 104.6791 14.25206913288381
IRIDIUM 33 DEB          
1 38023U 97051YK  14293.50973053  .00018557  00000-0  77063-2 0  3084
2 38023  86.4305  19.6746 0123420  79.1724 282.3328 14.22299557257940
IRIDIUM 33 DEB          
1 38024U 97051YL  14294.99071243  .00009859  00000-0  44153-2 0  3167
2 38024  86.4861  28.9819 0124305  79.3108 282.2048 14.18411710267494
IRIDIUM 33 DEB          
1 38025U 97051YM  14293.60416904  .00028916  00000-0  14668-1 0  4143
2 38025  86.5015  47.4191 0195008 206.2784 214.5956 14.06482822282341
IRIDIUM 33 DEB          
1 38026U 97051YN  14292.42004506  .00082284  00000-0  13346-1 0  3772
2 38026  86.4268 343.1800 0024782 189.8399 170.2335 14.70533786235896
IRIDIUM 33 DEB          
1 38028U 97051YQ  14288.38201510  .00000500  00000-0  15704-3 0  3030
2 38028  86.3317 315.1155 0028383 229.7186 187.2776 14.38331402244301
IRIDIUM 33 DEB          
1 38030U 97051YS  14294.50184467  .00022824  00000-0  80705-2 0  4581
2 38030  86.3865   1.2843 0108926 356.5476   3.4953 14.31219058196039
IRIDIUM 33 DEB          
1 38033U 97051YV  14294.23160531  .00019397  00000-0  37635-2 0  4754
2 38033  86.2842 287.5484 0035954 126.4859 233.9675 14.62707686654599
IRIDIUM 33 DEB          
1 38034U 97051YW  14294.29926074  .00032969  00000-0  54914-2 0  5034
2 38034  86.3538 304.6930 0020384 189.6562 225.9662 14.69731106260673
IRIDIUM 33 DEB          
1 38224U 97051YY  14293.53327669  .00017303  00000-0  72472-2 0  2891
2 38224  86.3946   9.1186 0114476  61.2258 357.0100 14.22423838260347
IRIDIUM 33 DEB          
1 38225U 97051YZ  14291.99935387  .00005389  00000-0  32458-2 0  1757
2 38225  86.3649  28.8034 0204457 280.4084  77.4660 13.96754855181509
IRIDIUM 33 DEB          
1 38226U 97051ZA  14292.52750456  .00014139  00000-0  46348-2 0  2320
2 38226  86.3884 332.8213 0013221 176.8751 183.2533 14.38264813273339
IRIDIUM 33 DEB          
1 38227U 97051ZB  14290.34944902  .00004983  00000-0  14406-2 0  1707
2 38227  86.3128 310.4242 0008206 185.8509 174.2566 14.44387986270936
IRIDIUM 33 DEB          
1 38228U 97051ZC  14292.83583481  .00001232  00000-0  53782-3 0  2183
2 38228  86.2962 328.1434 0064467 274.9380 210.1255 14.22060199272149
IRIDIUM 33 DEB          
1 38229U 97051ZD  14292.60454110  .00004279  00000-0  28454-2 0  1747
2 38229  86.3823  43.4705 0243002 337.3072  22.5562 13.87768973247267
IRIDIUM 33 DEB          
1 38231U 97051ZF  14294.77182291  .00014385  00000-0  40016-2 0  3219
2 38231  86.2600 311.9509 0067350 220.4512 139.1700 14.44986256273851
IRIDIUM 33 DEB          
1 38232U 97051ZG  14287.02271054  .00019222  00000-0  75946-2 0  2489
2 38232  86.4242  25.4176 0112396  52.1052 308.9409 14.25492520276831
IRIDIUM 33 DEB          
1 38233U 97051ZH  14293.92106718  .00011424  00000-0  59858-2 0  3065
2 38233  86.2288 348.6630 0188637 189.0760 299.7449 14.05453602248984
IRIDIUM 33 DEB          
1 38234U 97051ZJ  14291.97605368  .00015972  00000-0  48502-2 0   944
2 38234  86.4469   0.0925 0069106 211.4654 147.9607 14.40684447254782
IRIDIUM 33 DEB          
1 38235U 97051ZK  14293.41134655  .00011888  00000-0  30243-2 0  2118
2 38235  86.4033 333.8015 0006674 145.7077 204.5054 14.50589184657827
IRIDIUM 33 DEB          
1 38236U 97051ZL  14292.76832822  .00004515  00000-0  17922-2 0  2137
2 38236  86.2549 319.3851 0073025 296.7297  62.6267 14.27156340198849
IRIDIUM 33 DEB          
1 38237U 97051ZM  14294.44324372  .00019041  00000-0  46856-2 0  4445
2 38237  86.3895 330.8157 0023447 130.9334 294.4210 14.51987680609875
IRIDIUM 33 DEB          
1 38240U 97051ZQ  14279.76153437  .01351927  00000-0  29732-1 0  1879
2 38240  86.2420 283.5075 0033925  58.4966 302.0170 15.43367964204390
IRIDIUM 33 DEB          
1 38241U 97051ZR  14293.79869670  .00002223  00000-0  70784-3 0  1610
2 38241  86.3262 313.1320 0004058 291.4191  68.6580 14.39455959251144
IRIDIUM 33 DEB          
1 38243U 97051ZT  14282.43049918  .00008878  00000-0  24921-2 0  2777
2 38243  86.3841 332.6326 0038433 207.3041 213.2039 14.45450273207784
IRIDIUM 33 DEB          
1 38244U 97051ZU  14287.85281131  .00018023  00000-0  39109-2 0  1668
2 38244  86.4467 340.2319 0007307 354.7740   5.0822 14.58008699248637
IRIDIUM 33 DEB          
1 38468U 97051ZV  14294.93221637  .00005174  00000-0  21100-2 0  1337
2 38468  86.3560 350.4887 0106556 359.9314   0.2071 14.24201249234874
IRIDIUM 33 DEB          
1 38470U 97051ZX  14293.52707087  .00008637  00000-0  35653-2 0  1933
2 38470  86.5030  29.0622 0115665  21.7419 338.8745 14.23100399286887
IRIDIUM 33 DEB          
1 38471U 97051ZY  14289.83165900  .00009049  00000-0  20372-2 0  1902
2 38471  86.2940 306.7107 0022997 154.5514 330.4566 14.56162856234743
IRIDIUM 33 DEB          
1 38472U 97051ZZ  14294.86663228  .00019956  00000-0  41892-2 0   972
2 38472  86.4096 336.2708 0028029 125.5294 234.8727 14.59290889250057
IRIDIUM 33 DEB          
1 38474U 97051AAB 14290.39128638  .00000465  00000-0  14485-3 0  2830
2 38474  86.3458 319.3320 0029888 218.8456 141.0595 14.38622127276648
IRIDIUM 33 DEB          
1 38477U 97051AAE 14289.26655206  .00004448  00000-0  45841-2 0  1353
2 38477  86.4341 120.6849 0488702 152.5695 210.7227 13.33476736220209
IRIDIUM 33 DEB          
1 39777U 97051AAJ 14291.68761059  .00005169  00000-0  22988-2 0   605
2 39777  86.0430 262.5946 0082027   2.7635 357.5553 14.20966151 46976
IRIDIUM 33 DEB          
1 39778U 97051AAK 14292.38440410  .00003514  00000-0  11877-2 0   842
2 39778  86.3860 331.9883 0012696 133.9107 226.3140 14.36613587 47496
IRIDIUM 33 DEB          
1 39779U 97051AAL 14294.41502888  .00003648  00000-0  14186-2 0   212
2 39779  86.2977 328.2170 0077303 274.1631  88.2675 14.27986100125386
IRIDIUM 33 DEB          
1 39781U 97051AAN 14295.09254808  .00012781  00000-0  85439-2 0   550
2 39781  86.3809  54.3550 0306926  78.6914  43.1748 13.80433990155982
IRIDIUM 33 DEB          
1 39782U 97051AAP 14294.41038121  .00007368  00000-0  17762-2 0   531
2 39782  86.4254 330.9550 0016485 184.1213 175.9736 14.53043649144869
IRIDIUM 33 DEB          
1 39783U 97051AAQ 14293.73726256  .00005788  00000-0  21810-2 0   598
2 39783  86.1694 296.5730 0074714 311.7778  47.6680 14.29757232135108
IRIDIUM 33 DEB          
1 39784U 97051AAR 14291.90495231  .00016744  00000-0  55873-2 0   446
2 39784  86.3839 356.9537 0088531 317.0714  42.3004 14.35211638140671
IRIDIUM 33 DEB          
1 39785U 97051AAS 14293.89319630  .00020947  00000-0  52633-2 0   727
2 39785  86.3892 342.9045 0049977 169.8311 190.3597 14.50402253142638
IRIDIUM 33 DEB          
1 39786U 97051AAT 14295.05756803  .00016101  00000-0  41735-2 0  1027
2 39786  86.3776 325.1140 0014442  99.5998 289.4041 14.49643933124575
IRIDIUM 33 DEB          
1 39787U 97051AAU 14293.73377905  .00006993  00000-0  21528-2 0   859
2 39787  86.2078 292.6027 0047013 231.0539 128.6791 14.40745938141581
IRIDIUM 33 DEB          
1 39788U 97051AAV 14294.55456143  .00033565  00000-0  13007-1 0   580
2 39788  86.3219  26.2772 0195487 259.7374  98.5476 14.19888262197592
IRIDIUM 33 DEB          
1 39790U 97051AAX 14271.77987560  .00006208  00000-0  17154-2 0   328
2 39790  86.1945 288.6104 0044621 274.6887  84.9552 14.46031813288643
IRIDIUM 33 DEB          
1 39791U 97051AAY 14285.63533648  .00000035  00000-0  10000-4 0   207
2 39791  86.4254  44.2323 0205375 325.2212  33.5681 14.04377601117780
IRIDIUM 33 DEB          
1 39792U 97051AAZ 14282.62399281  .00006386  00000-0  39581-2 0   766
2 39792  86.4373  47.0923 0187549 289.7529  68.3505 13.96738153 31966
IRIDIUM 33 DEB          
1 39793U 97051ABA 14293.77367456  .00016282  00000-0  32848-2 0   455
2 39793  86.3829 320.4236 0011963 119.0192 241.2774 14.61324464500885
IRIDIUM 33 DEB          
1 39795U 97051ABC 14293.81090321  .00036450  00000-0  61119-2 0   751
2 39795  86.3508 317.4503 0016221 347.1263  12.9756 14.69468025204456
GPS BIIA-10 (PRN 32)    
1 20959U 90103A   14294.01385976 -.00000017  00000-0  00000+0 0  5430
2 20959  54.2800 203.9402 0114332 355.6433   4.2943  2.00568464175054
GPS BIIA-14 (PRN 26)    
1 22014U 92039A   14294.44672144 -.00000027  00000-0  00000+0 0  3346
2 22014  55.7816 264.8096 0210489  73.9116  15.2370  2.00562128156780
GPS BIIA-23 (PRN 04)    
1 22877U 93068A   14294.38346958  .00000072  00000-0  00000+0 0  9312
2 22877  53.7987 138.4777 0110057  61.7272 241.8114  2.00759029153771
GPS BIIA-26 (PRN 10)    
1 23953U 96041A   14293.56182954 -.00000018  00000-0  00000+0 0  5828
2 23953  53.9545 199.8076 0139918  50.4882 230.3992  2.00568327133832
GPS BIIR-2  (PRN 13)    
1 24876U 97035A   14294.44090986 -.00000026  00000-0  00000+0 0   361
2 24876  55.9326 265.3458 0056862 128.8605  30.4868  2.00302448126381
GPS BIIA-28 (PRN 08)    
1 25030U 97067A   14294.45375875 -.00000035  00000-0  00000+0 0    26
2 25030  57.0550 326.4140 0148187 206.1364 317.1459  2.00738169124277
GPS BIIR-3  (PRN 11)    
1 25933U 99055A   14294.43281255  .00000061  00000-0  10000-3 0  4592
2 25933  51.0814 120.2799 0153727  77.1529 284.6291  2.00558113110200
GPS BIIR-4  (PRN 20)    
1 26360U 00025A   14294.43955882 -.00000001  00000-0  00000+0 0  5760
2 26360  53.0869 195.3171 0059311  75.6593 199.8146  2.00559219105895
GPS BIIR-5  (PRN 28)    
1 26407U 00040A   14294.43842963 -.00000075  00000-0  00000+0 0  5170
2 26407  56.5942  22.9468 0197411 262.3822 128.0890  2.00562973104569
GPS BIIR-6  (PRN 14)    
1 26605U 00071A   14294.07408462 -.00000029  00000-0  00000+0 0  5243
2 26605  55.5043 263.4710 0080925 247.6651 170.0536  2.00555820102159
GPS BIIR-7  (PRN 18)    
1 26690U 01004A   14294.24627725 -.00000008  00000-0  00000+0 0  4110
2 26690  53.0241 198.3568 0156760 245.2816  30.0354  2.00555192100569
GPS BIIR-8  (PRN 16)    
1 27663U 03005A   14293.79855810 -.00000079  00000-0  00000+0 0  8449
2 27663  56.6762  22.6500 0076277  11.4827  35.4001  2.00562713 85917
GPS BIIR-9  (PRN 21)    
1 27704U 03010A   14294.24207025  .00000071  00000-0  00000+0 0  7238
2 27704  53.4535 138.5193 0218781 246.3450  81.7596  2.00562990 84728
GPS BIIR-10 (PRN 22)    
1 28129U 03058A   14294.23791520 -.00000009  00000-0  00000+0 0  2944
2 28129  52.8977 198.4488 0075078 242.8142 352.8653  2.00557389 79427
GPS BIIR-11 (PRN 19)    
1 28190U 04009A   14294.45313943  .00000019  00000-0  00000+0 0  3033
2 28190  55.4223  84.5071 0105464  28.0309  46.0258  2.00564650 77603
GPS BIIR-12 (PRN 23)    
1 28361U 04023A   14294.44327064 -.00000032  00000-0  00000+0 0  1109
2 28361  54.4561 259.5620 0097880 205.2046  11.6403  2.00558293 75682
GPS BIIR-13 (PRN 02)    
1 28474U 04045A   14294.11704941  .00000072  00000-0  00000+0 0   152
2 28474  53.8552 137.5938 0140054 224.2213 121.2793  2.00559786 73042
GPS BIIRM-1 (PRN 17)    
1 28874U 05038A   14293.98199196  .00000015  00000-0  00000+0 0  2499
2 28874  55.5887  81.6423 0098392 240.7187 113.5534  2.00564471 66444
GPS BIIRM-2 (PRN 31)    
1 29486U 06042A   14294.61194457 -.00000033  00000-0  00000+0 0  6711
2 29486  55.9929 320.9139 0083157 322.8083  47.0828  2.00565947 59176
GPS BIIRM-3 (PRN 12)    
1 29601U 06052A   14294.44151706 -.00000075  00000-0  00000+0 0  4783
2 29601  56.6436  21.5583 0049497  26.1681 264.4747  2.00581567 58079
GPS BIIRM-4 (PRN 15)    
1 32260U 07047A   14294.17025902 -.00000035  00000-0  00000+0 0  3933
2 32260  53.5904 256.7716 0066888  14.9324 205.5218  2.00549411 51458
GPS BIIRM-5 (PRN 29)    
1 32384U 07062A   14294.19542874  .00000015  00000-0  00000+0 0  4221
2 32384  55.6336  82.1598 0013022 305.0097  69.3734  2.00570514 50196
GPS BIIRM-6 (PRN 07)    
1 32711U 08012A   14294.26642752 -.00000034  00000-0  10000-3 0  1735
2 32711  55.7102 320.5393 0080594 202.8976 156.7980  2.00571174 48400
GPS BIIRM-8 (PRN 05)    
1 35752U 09043A   14294.11541053 -.00000009  00000-0  00000+0 0  9379
2 35752  54.2526 198.8453 0038511  18.0353 258.0410  2.00559072 37970
GPS BIIF-1  (PRN 25)    
1 36585U 10022A   14294.44495936 -.00000076  00000-0  00000+0 0  7481
2 36585  55.9924  19.0313 0035973  37.9377 223.4189  2.00551932 32228
GPS BIIF-2  (PRN 01)    
1 37753U 11036A   14294.45499352  .00000076  00000-0  00000+0 0  2161
2 37753  55.0831 139.4599 0035233  21.8322 327.4307  2.00563336 23901
GPS BIIF-3  (PRN 24)    
1 38833U 12053A   14293.95824655 -.00000036  00000-0  00000+0 0  7839
2 38833  54.7545 318.4231 0023734   6.3172 353.7667  2.00560062 14965
GPS BIIF-4  (PRN 27)    
1 39166U 13023A   14293.81126793  .00000008  00000-0  10000-3 0  5459
2 39166  55.2904  78.9873 0014543  11.0750 348.9592  2.00562845 10480
GPS BIIF-5  (PRN 30)    
1 39533U 14008A   14294.30836926 -.00000039  00000-0  00000+0 0  2853
2 39533  54.8892 323.5397 0010703 195.7203 164.3047  2.00566675  4861
GPS BIIF-6  (PRN 06)    
1 39741U 14026A   14294.59032558  .00000077  00000-0  00000+0 0  1641
2 39741  55.0783 138.9644 0003960 143.4257 216.6850  2.00570504  3153
GPS BIIF-7  (PRN 09)    
1 40105U 14045A   14294.18062242 -.00000031  00000-0  00000+0 0   691
2 40105  54.9666 258.9640 0005345 230.4339 129.5048  2.00556377  1592
METEOSAT-7              
1 24932U 97049B   14294.59557360  .00000054  00000-0  00000+0 0  4363
2 24932   9.2975  46.7756 0003088 172.8910  82.5465  1.00279815 62759
NOAA 15                 
1 25338U 98030A   14294.47166446  .00000242  00000-0  12134-3 0  3894
2 25338  98.7613 288.1427 0011544 138.1497 334.9466 14.25487972854839
METEOSAT-8 (MSG-1)      
1 27509U 02040B   14294.15588479  .00000020  00000-0  00000+0 0  1753
2 27509   3.0902  61.8211 0002903 177.3718 210.1488  1.00276844 44561
KALPANA-1 (METSAT 1)    
1 27525U 02043A   14294.88577278 -.00000081  00000-0  00000+0 0  1195
2 27525   4.6303  62.3783 0013418 200.1915 160.5446  1.00272730 44379
INSAT-3A                
1 27714U 03013A   14293.94176691 -.00000264  00000-0  00000+0 0  5718
2 27714   0.0505  88.5374 0002644  71.5179 301.8111  1.00272397 42264
FENGYUN 2C              
1 28451U 04042A   14294.93164631 -.00000360  00000-0  10000-3 0  1416
2 28451   5.6919  57.8065 0001698 277.1160 154.2347  1.00282132 36634
HIMAWARI-6 (MTSAT-1R)   
1 28622U 05006A   14292.90194248 -.00000289  00000-0  00000+0 0  2831
2 28622   0.0261  38.7184 0001108 187.5068 266.7624  1.00274988 35311
NOAA 18                 
1 28654U 05018A   14294.45198265  .00000322  00000-0  20096-3 0  3002
2 28654  99.1629 276.5758 0013293 269.6632 206.9645 14.12079981485387
METEOSAT-9 (MSG-2)      
1 28912U 05049B   14294.25773770  .00000062  00000-0  00000+0 0  3090
2 28912   0.4459  29.3306 0001834 227.0121 235.7221  1.00281423 32413
MTSAT-2                 
1 28937U 06004A   14293.68219023 -.00000250  00000-0  00000+0 0  7387
2 28937   0.0102 225.3506 0003258 354.4319 199.8700  1.00269676 31740
FORMOSAT-3 FM6          
1 29047U 06011A   14294.47703880  .00000532  00000-0  22742-3 0  5083
2 29047  71.9819   5.2963 0050901  21.1594 339.1632 14.28086733446307
FORMOSAT-3 FM1          
1 29048U 06011B   14294.44686101  .00000699  00000-0  29461-3 0  5839
2 29048  71.9689 278.5655 0046055 335.1093 144.8781 14.28063081448784
FORMOSAT-3 FM5          
1 29049U 06011C   14293.96067628  .00000727  00000-0  30690-3 0  5123
2 29049  72.0213  79.5262 0035109  20.7817 114.8557 14.28075474444493
FORMOSAT-3 FM3          
1 29050U 06011D   14294.80669225  .00003481  00000-0  76993-3 0  8781
2 29050  72.0181  72.9785 0049479 116.8823 243.7398 14.57078855455276
FORMOSAT-3 FM4          
1 29051U 06011E   14294.45514059  .00000617  00000-0  25789-3 0  5756
2 29051  72.0075 344.2505 0071014 257.4416 101.8771 14.28087556447146
FORMOSAT-3 FM2          
1 29052U 06011F   14294.83266806  .00000760  00000-0  31869-3 0  5994
2 29052  72.0371  51.6114 0041747 344.9287 166.2879 14.28164348445517
GOES 13                 
1 29155U 06018A   14294.45511904 -.00000255  00000-0  00000+0 0  3745
2 29155   0.0909 100.1913 0001735  66.5861 312.2645  1.00269718 30836
METOP-A                 
1 29499U 06044A   14294.78157495  .00000245  00000-0  13185-3 0  4956
2 29499  98.7103 352.7691 0002181 127.3614  18.2218 14.21504325415416
FENGYUN 2D              
1 29640U 06053A   14294.92856678 -.00000196  00000-0  10000-3 0  1348
2 29640   2.6131  69.3778 0002452 155.9818 225.3790  1.00263697 28884
FENGYUN 3A              
1 32958U 08026A   14295.07864645  .00000065  00000-0  51058-4 0  4724
2 32958  98.5396 349.5430 0009210 205.5685 154.5052 14.19480251331846
FENGYUN 2E              
1 33463U 08066A   14293.95778201 -.00000336  00000-0  10000-3 0  6609
2 33463   2.1651  57.6352 0001788 246.8224 173.9839  1.00281884 21416
NOAA 19                 
1 33591U 09005A   14294.51022247  .00000252  00000-0  16260-3 0  4327
2 33591  98.9588 239.2424 0014975 121.2393   4.4196 14.11785122293812
GOES 14                 
1 35491U 09033A   14294.50989266 -.00000091  00000-0  00000+0 0  6753
2 35491   0.2753 264.0678 0013167 301.4179 262.4302  1.00273446 19496
METEOR-M 1              
1 35865U 09049A   14295.10735191  .00000220  00000-0  11910-3 0    76
2 35865  98.5352 338.5815 0003554  94.1129 318.9124 14.21940040264372
GOES 15                 
1 36411U 10008A   14294.27941037  .00000083  00000-0  00000+0 0  3261
2 36411   0.3024 264.2271 0002763 326.2628 124.4843  1.00276340 16991
COMS 1                  
1 36744U 10032A   14294.65157259 -.00000348  00000-0  10000-3 0  9800
2 36744   0.0380  47.3163 0000633 180.8900 164.6378  1.00271134 15975
FENGYUN 3B              
1 37214U 10059A   14294.95822367  .00000169  00000-0  10149-3 0  3453
2 37214  98.8598 243.3770 0001706  90.9839 269.1530 14.19500709205328
ELEKTRO-L 1 (GOMS 2)    
1 37344U 11001A   14294.11345138 -.00000101  00000-0  00000+0 0  1219
2 37344   0.4825  80.5226 0000836 179.5110 246.2600  1.00269804 13785
SUOMI NPP               
1 37849U 11061A   14294.09464230  .00000227  00000-0  12809-3 0  9240
2 37849  98.7080 232.8639 0001606  76.8855  45.1413 14.19583872154455
FENGYUN 2F              
1 38049U 12002A   14294.93051211 -.00000361  00000-0  10000-3 0  8142
2 38049   0.3079 301.4153 0001276 255.8446 279.7642  1.00283390 10219
METEOSAT-10 (MSG-3)     
1 38552U 12035B   14294.25492300 -.00000002  00000-0  00000+0 0  1049
2 38552   0.4845 165.5293 0001773  87.8027 228.5650  1.00282528  8539
METOP-B                 
1 38771U 12049A   14295.15186553  .00000249  00000-0  13396-3 0  6411
2 38771  98.7013 353.1353 0002043 153.5570 259.5837 14.21514086108600
FENGYUN 3C              
1 39260U 13052A   14295.12856745  .00000181  00000-0  10665-3 0  2130
2 39260  98.7598   5.2803 0000700 134.5325 225.5908 14.19488613 55899
METEOR-M 2              
1 40069U 14037A   14295.09678231  .00000024  00000-0  31728-4 0  3198
2 40069  98.7923 346.4940 0006656 120.3361 239.8487 14.20577309 14967
HIMAWARI 8              
1 40267U 14060A   14293.79306147 -.00000281  00000-0  00000+0 0   123
2 40267   0.0795 288.1432 0003168  35.2091 132.1290  1.00272796   167
